0 5 2 3 7 15 16
1 8 15 16 17 87 88 110 111 218
2 9 0 4 15 85 86 87 110 196 218
3 8 0 7 8 9 15 56 85 86
4 6 2 6 7 56 84 85
5 7 7 56 57 58 82 83 84
6 3 4 56 218
7 6 0 3 4 5 55 56
8 5 3 10 13 54 55
9 9 3 11 13 14 15 22 24 53 54
10 7 8 12 13 24 51 52 53
11 7 9 13 24 25 26 51 52
12 2 10 24
13 7 8 9 10 11 22 23 24
14 6 9 16 21 22 23 218
15 10 0 1 2 3 9 21 22 86 88 218
16 6 0 1 14 20 21 88
17 5 1 19 20 88 90
18 1 20
19 3 17 34 90
20 11 16 17 18 32 33 34 39 88 90 91 92
21 7 14 15 16 23 31 32 33
22 11 9 13 14 15 24 30 31 32 40 88 94
23 8 13 14 21 25 29 30 31 33
24 14 9 10 11 12 13 22 26 28 29 30 52 53 54 64
25 6 11 23 27 28 29 31
26 4 11 24 28 50
27 5 25 29 44 45 46
28 9 24 25 26 30 44 45 46 52 72
29 9 23 24 25 27 31 41 42 43 44
30 8 22 23 24 28 40 41 42 62
31 9 21 22 23 25 29 33 38 40 41
32 9 20 21 22 37 38 39 40 88 92
33 8 20 21 23 31 35 36 37 38
34 4 19 20 36 37
35 2 33 37
36 3 33 34 38
37 5 32 33 34 35 39
38 5 31 32 33 36 40
39 3 20 32 37
40 9 22 30 31 32 38 42 73 211 213
41 4 29 30 31 43
42 5 29 30 40 44 73
43 3 29 41 45
44 6 27 28 29 42 72 73
45 3 27 28 43
46 4 27 28 48 49
47 0
48 2 46 50
49 2 46 51
50 4 26 48 52 67
51 5 10 11 49 53 67
52 7 10 11 24 28 50 65 66
53 8 9 10 24 51 55 63 64 65
54 6 8 9 24 62 63 64
55 8 7 8 53 57 61 62 63 65
56 12 3 4 5 6 7 58 60 61 62 84 85 86
57 7 5 55 59 60 61 63 65
58 7 5 56 60 80 81 82 84
59 7 57 61 77 78 79 80 84
60 8 56 57 58 62 77 84 96 210
61 10 55 56 57 59 63 74 75 76 77 78
62 11 30 54 55 56 60 73 74 75 77 86 96
63 9 53 54 55 57 61 65 71 73 74
64 7 24 53 54 70 71 72 73
65 9 52 53 55 57 63 67 69 70 71
66 5 52 68 69 70 72
67 4 50 51 65 69
68 2 66 70
69 4 65 66 67 71
70 5 64 65 66 68 72
71 5 63 64 65 69 73
72 5 28 44 64 66 70
73 9 40 42 44 62 63 64 71 75 211
74 4 61 62 63 76
75 6 61 62 73 77 96 211
76 3 61 74 78
77 9 59 60 61 62 75 79 96 210 211
78 4 59 61 76 80
79 4 59 77 84 210
80 5 58 59 78 82 84
81 1 58
82 4 5 58 80 84
83 5 5 98 99 100 206
84 12 4 5 56 58 59 60 79 80 82 97 98 99
85 9 2 3 4 56 87 95 96 97 206
86 9 2 3 15 56 62 88 94 95 96
87 8 1 2 85 89 93 94 95 97
88 11 1 15 16 17 20 22 32 86 90 93 94
89 6 87 91 92 93 95 113
90 5 17 19 20 88 92
91 3 20 89 93
92 4 20 32 89 90
93 8 87 88 89 91 95 212 213 214
94 8 22 86 87 88 96 211 212 213
95 9 85 86 87 89 93 97 209 211 212
96 10 60 62 75 77 85 86 94 209 210 211
97 12 84 85 87 95 113 192 193 194 206 207 208 209
98 6 83 84 100 206 207 208
99 5 83 84 101 206 207
100 6 83 98 102 204 205 206
101 8 99 169 186 188 193 205 206 207
102 9 100 104 149 182 184 186 203 204 205
103 4 105 202 203 204
104 5 102 106 149 202 203
105 3 103 107 202
106 7 104 108 141 148 200 201 202
107 3 105 200 202
108 2 106 200
109 5 111 112 116 124 125
110 7 1 2 125 126 195 196 197
111 8 1 109 113 116 124 194 195 196
112 8 109 116 117 118 124 165 194 195
113 7 89 97 111 115 116 193 194
114 7 116 165 166 167 191 192 193
115 1 113
116 6 109 111 112 113 114 164
117 3 112 119 163
118 7 112 122 123 124 133 162 163
119 7 117 121 122 133 160 161 162
120 5 122 133 134 135 161
121 4 119 133 134 135
122 6 118 119 120 131 132 133
123 4 118 125 131 132
124 8 109 111 112 118 130 131 195 197
125 6 109 110 123 129 130 197
126 7 110 128 129 130 197 198 199
127 2 129 199
128 4 126 130 143 144
129 10 125 126 127 142 143 197 198 199 200 201
130 8 124 125 126 128 132 140 141 142
131 9 122 123 124 133 139 140 141 197 203
132 8 122 123 130 134 138 139 140 142
133 14 118 119 120 121 122 131 135 137 138 139 161 162 163 173
134 7 120 121 132 136 137 138 140
135 5 120 121 133 137 159
136 2 134 138
137 7 133 134 135 139 158 161 181
138 9 132 133 134 136 140 150 151 152 153
139 8 131 132 133 137 149 150 151 171
140 9 130 131 132 134 138 142 147 149 150
141 9 106 130 131 147 148 149 197 201 203
142 7 129 130 132 140 145 146 147
143 5 128 129 145 146 148
144 2 128 146
145 2 142 143
146 4 142 143 144 148
147 4 140 141 142 149
148 5 106 141 143 146 201
149 8 102 104 139 140 141 147 151 182
150 4 138 139 140 152
151 5 138 139 149 153 182
152 3 138 150 154
153 4 138 151 155 181
154 2 152 156
155 3 153 157 158
156 2 154 158
157 2 155 159
158 4 137 155 156 175
159 4 135 157 161 176
160 3 119 162 176
161 9 119 120 133 137 159 174 175 176 181
162 8 118 119 133 160 164 172 173 174
163 6 117 118 133 171 172 173
164 7 116 162 166 170 171 172 174
165 9 112 114 167 170 171 193 194 195 205
166 8 114 164 168 169 170 172 174 193
167 7 114 165 169 189 190 191 193
168 6 166 170 187 188 189 193
169 6 101 166 167 171 186 193
170 9 164 165 166 168 172 183 184 185 186
171 11 139 163 164 165 169 182 183 184 186 195 205
172 9 162 163 164 166 170 174 180 182 183
173 8 133 162 163 175 179 180 181 182
174 9 161 162 164 166 172 176 178 179 180
175 7 158 161 173 177 178 179 181
176 5 159 160 161 174 178
177 2 175 179
178 4 174 175 176 180
179 5 173 174 175 177 181
180 5 172 173 174 178 182
181 6 137 153 161 173 175 179
182 8 102 149 151 171 172 173 180 184
183 4 170 171 172 185
184 5 102 170 171 182 186
185 3 170 183 187
186 6 101 102 169 170 171 184
187 3 168 185 189
188 3 101 168 193
189 5 167 168 187 191 193
190 1 167
191 4 114 167 189 193
192 4 97 114 208 209
193 15 97 101 113 114 165 166 167 168 169 188 189 191 206 207 208
194 9 97 111 112 113 165 196 204 205 206
195 10 110 111 112 124 165 171 197 203 204 205
196 9 2 110 111 194 198 202 203 204 206
197 11 110 124 125 126 129 131 141 195 199 202 203
198 7 126 129 196 200 201 202 204
199 5 126 127 129 197 201
200 6 106 107 108 129 198 202
201 6 106 129 141 148 198 199
202 10 103 104 105 106 107 196 197 198 200 204
203 8 102 103 104 131 141 195 196 197
204 9 100 102 103 194 195 196 198 202 206
205 7 100 101 102 165 171 194 195
206 12 83 85 97 98 99 100 101 193 194 196 204 208
207 6 97 98 99 101 193 209
208 6 97 98 192 193 206 210
209 6 95 96 97 192 207 211
210 5 60 77 79 96 208
211 9 40 73 75 77 94 95 96 209 213
212 4 93 94 95 214
213 5 40 93 94 211 215
214 3 93 212 216
215 2 213 217
216 1 214
217 1 215
